Column1	logFC	AveExpr	t	P.Value	adj.P.Val	B	Actual FC
CBPA3_HUMAN	2.532862736	-1.355388807	10.46575857	1.34E-11	6.73E-08	15.00965414	5.787188901
DMKN_HUMAN	3.234547852	-0.783475194	6.466319261	3.58E-07	0.000649651	6.371385811	9.412303574
SAMP_HUMAN	2.82945652	3.11240399	6.438502397	3.87E-07	0.000649651	6.302948738	7.108063256
CMA1_HUMAN	1.76398082	8.425220033	5.544290999	4.79E-06	0.006037662	4.063033506	3.396339832
TBD2A_HUMAN	-1.059844968	8.620529816	-5.165891549	1.40E-05	0.013546691	3.099447711	-2.084707486
GCP60_HUMAN	-0.818295989	7.804551216	-5.092373142	1.73E-05	0.013546691	2.911811471	-1.763322048
K2C79_HUMAN	2.330429391	13.39621417	5.062950073	1.88E-05	0.013546691	2.836704254	5.029550226
TPBG_HUMAN	-1.330696859	6.706014354	-4.970012154	2.45E-05	0.01543578	2.599460248	-2.515241382
GSTCD_HUMAN	1.424865653	0.637555232	4.814867019	3.81E-05	0.019307056	2.203617309	2.68489497
PDLI3_HUMAN	-1.124803948	3.181834777	-4.812554299	3.83E-05	0.019307056	2.197720324	-2.180719102
CYTM_HUMAN	1.980408415	5.933870007	4.674557291	5.67E-05	0.025741278	1.846179964	3.946047754
STMN1_HUMAN	-0.88981024	6.23162759	-4.640578741	6.24E-05	0.025741278	1.759742571	-1.852932389
TIM10_HUMAN	0.868661892	-1.125383873	4.61829523	6.64E-05	0.025741278	1.703087631	1.825968519
EFHD2_HUMAN	-0.8936045	5.243085	-4.515116381	8.89E-05	0.031983167	1.441136046	-1.857811979
ISG15_HUMAN	-1.41686649	12.52094042	-4.483748194	9.71E-05	0.032609409	1.361637165	-2.670049504
CP51A_HUMAN	1.366436483	7.78969262	4.419252868	0.000116433	0.035005954	1.19841619	2.578329208
CCNA2_HUMAN	-1.587870242	14.02079708	-4.41405628	0.000118146	0.035005954	1.185279658	-3.006052575
C2D1A_HUMAN	-1.141684531	12.55743891	-4.321366456	0.000153244	0.039100076	0.951374389	-2.206384965
TM263_HUMAN	-1.421222281	-3.436932987	-4.31969717	0.000153962	0.039100076	0.947169383	-2.678123109
ACSL1_HUMAN	1.129403566	1.576451476	4.299966629	0.000162709	0.039100076	0.897488611	2.187682791
APOC3_HUMAN	-1.296843182	9.884173994	-4.294101851	0.000165402	0.039100076	0.882729024	-2.456906885
TAP2_HUMAN	-1.011768208	7.09647973	-4.275100749	0.000174434	0.039100076	0.834934761	-2.01638092
BRK1_HUMAN	-1.208233079	6.597494912	-4.263040184	0.000180416	0.039100076	0.804618397	-2.310544826
MARCS_HUMAN	-0.948504797	5.890163188	-4.248762033	0.000187761	0.039100076	0.768748371	-1.92987151
CCDC9_HUMAN	-1.324477555	8.643422886	-4.23694193	0.000194064	0.039100076	0.739070785	-2.504421783
LRRF1_HUMAN	-0.916879827	14.59086942	-4.220920384	0.000202941	0.039316003	0.698869816	-1.888027564
TACC2_HUMAN	1.48022587	-4.063803441	4.199141038	0.000215653	0.040231314	0.64426967	2.789924093
TPM1_HUMAN	-0.916953398	4.416115513	-4.129176674	0.000262028	0.046281989	0.469266828	-1.888123847
SPRC_HUMAN	-1.363708182	16.72714511	-4.123136034	0.000266464	0.046281989	0.454186897	-2.573457901
APOA1_HUMAN	-1.302845561	-1.33309325	-4.098759102	0.000285128	0.047872918	0.393382028	-2.46715022
